--------# chat session----------------------------
N = 10, G = 7,            trace=[10, 13, 7, 12, 9, 8, 3, 5, 6, 4, 11, 1, 14, 2], length=53.418165753807294
N = 10, G = 7,            trace=[1, 14, 10, 9, 11, 13, 12, 3, 7, 6, 14, 1, 11, 2], length=40.98040615125018         SAI
N = 10, G = 7,            trace=[6, 13, 8, 11, 7, 3, 1, 2, 10, 9, 6, 14, 12, 5], length=45.96504606470296           SAI
N = 10, G = 7,            trace=[8, 2, 14, 13, 7, 11, 5, 6, 4, 3, 12, 9, 1, 10], length=47.57094410261745
N = 10, G = 7,            trace=[6, 12, 5, 4, 7, 2, 1, 10, 8, 9, 11, 13, 14, 3], length=40.07328461978266

N = 10, G = 8,            trace=[1, 8, 10, 9, 12, 13, 1, 3, 4, 2, 14, 7, 6, 11], length=46.39306636971631           SAI
N = 10, G = 8,            trace=[11, 9, 3, 12, 5, 13, 8, 2, 1, 10, 14, 6, 4, 7], length=49.026260066043704
N = 10, G = 8,            trace=[3, 8, 10, 13, 2, 11, 5, 6, 14, 9, 1, 7, 12, 4], length=52.0549143732379

********************************************************************************************************************

--------# generate_content------------------------
N = 10, G = 9,            trace=[3, 5, 4, 6, 7, 13, 14, 12, 2, 11, 10, 9, 1, 8], length=41.64341608550548
N = 16, G = 10,           trace=[14, 6, 12, 11, 1, 2, 8, 10, 9, 7, 13, 5, 3, 4], length=42.40389167749918
N = 16, G = 20,           trace=[1, 9, 11, 10, 2, 13, 7, 3, 4, 12, 14, 5, 6, 8], length=39.46207452126927
N = 16, G = 20,           trace=[14, 1, 2, 10, 11, 9, 8, 3, 12, 5, 7, 13, 6, 4], length=40.32743335521877   
N = 16, G = 20,           trace=[1, 2, 3, 4, 5, 6, 7, 12, 14, 13, 11, 9, 10, 8], length=34.344675610650874
N = 16. G = 30,           trace=[4, 5, 6, 12, 14, 13, 7, 1, 10, 11, 9, 8, 2, 3], length=34.4199395058697                         